1 83 90 3 80 7 
2 5 15 1 5 2 
3 27 33 0 28 1 
4 33 43 2 31 4 
5 12 21 1 8 1 
6 37 34 2 44 2 
7 63 56 4 64 7 
8 15 18 0 17 3 
9 46 47 3 43 2 
10 15 7 0 22 1 
11 81 81 3 79 9 
12 13 15 1 18 2 
13 65 69 3 57 5 
14 3 3 1 9 2 
15 45 42 1 35 5 
16 78 84 3 73 9 
17 94 88 3 100 8 
18 58 53 2 55 4 
19 80 90 3 89 7 
20 14 17 0 23 3 
21 51 41 3 47 7 
22 98 100 4 100 9 
23 7 8 0 10 1 
24 90 82 3 96 8 
25 22 27 0 12 0 
26 96 96 4 100 7 
27 84 78 3 88 8 
28 76 78 4 83 9 
29 3 13 1 0 1 
30 5 10 0 7 0 
31 76 82 4 68 6 
32 48 58 2 55 6 
33 19 27 1 16 1 
34 93 100 4 85 10 
35 32 28 2 26 5 
36 60 70 2 70 7 
37 53 51 2 62 6 
38 77 75 2 73 5 
39 50 49 1 43 3 
40 43 33 1 44 6 
41 77 77 4 77 8 
42 94 100 4 94 9 
43 32 41 2 23 5 
44 83 84 5 81 6 
45 69 77 2 69 6 
46 81 81 4 91 10 
47 20 16 2 23 2 
48 53 44 3 45 5 
49 71 62 4 75 9 
50 93 90 4 94 10 
51 49 44 1 41 5 
52 24 29 0 34 3 
53 18 15 0 18 1 
54 56 66 2 54 3 
55 56 60 3 47 6 
56 55 58 3 55 4 
57 58 60 3 61 4 
58 61 70 4 69 7 
59 51 57 1 41 6 
60 32 23 0 29 1 
61 51 52 1 55 6 
62 25 28 0 26 3 
63 3 7 0 2 2 
64 45 46 3 49 3 
65 85 92 3 77 7 
66 92 95 4 97 10 
67 40 45 3 36 5 
68 11 1 0 9 0 
69 98 98 5 95 10 
70 75 74 2 65 9 
71 56 50 1 48 6 
72 69 70 3 69 4 
73 26 30 1 31 0 
74 5 5 0 12 1 
75 45 51 3 40 3 
76 90 96 5 87 8 
77 19 20 0 28 0 
78 90 91 5 95 7 
79 36 42 1 32 2 
80 77 74 3 71 5 
81 94 91 5 92 10 
82 21 30 2 13 0 
83 28 19 0 30 1 
84 52 47 3 54 5 
85 92 86 4 87 10 
86 67 74 2 62 8 
87 4 11 1 11 2 
88 58 56 2 67 3 
89 32 38 2 41 1 
90 42 33 2 42 5 
91 74 81 3 74 7 
92 43 52 1 39 4 
93 66 75 2 58 4 
94 16 11 1 17 1 
95 65 75 3 59 5 
96 86 79 4 88 9 
97 68 77 3 69 7 
98 26 36 1 18 2 
99 75 80 3 72 5 
100 19 13 0 10 3 
101 51 60 3 58 6 
102 7 2 1 1 1 
103 71 64 4 71 6 
104 78 81 4 79 9 
105 43 51 1 41 3 
106 21 27 2 15 4 
107 97 89 4 100 7 
108 43 45 2 46 3 
109 36 35 0 35 3 
110 25 24 1 28 3 
111 4 1 0 1 2 
112 85 75 5 80 6 
113 9 1 1 5 1 
114 27 31 1 22 1 
115 94 100 3 95 7 
116 77 72 4 71 5 
117 73 71 4 81 5 
118 33 42 2 43 3 
119 62 71 2 61 8 
120 71 74 3 73 8 
121 1 11 0 9 2 
122 72 77 4 69 8 
123 37 27 1 28 2 
124 68 67 2 78 5 
125 46 42 2 53 4 
126 98 88 3 100 10 
127 29 25 0 28 0 
128 70 76 4 80 8 
129 11 18 1 7 2 
130 50 56 3 50 3 
131 85 81 3 87 9 
132 22 32 0 23 3 
133 14 4 0 13 1 
134 25 20 1 17 0 
135 72 67 2 70 9 
136 66 65 4 66 7 
137 51 46 2 60 3 
138 35 45 2 31 1 
139 13 3 1 7 0 
140 65 70 4 66 4 
141 100 100 4 100 8 
142 10 7 0 18 0 
143 49 58 2 39 5 
144 89 94 5 86 6 
145 53 52 3 60 3 
146 33 28 1 24 3 
147 37 46 0 34 5 
148 5 15 0 3 2 
149 23 18 2 14 3 
150 50 60 2 51 4 
151 98 96 5 100 7 
152 63 53 4 72 7 
153 37 44 0 46 1 
154 13 16 0 14 1 
155 93 93 5 92 8 
156 61 59 3 66 4 
157 82 92 5 83 8 
158 85 91 3 75 9 
159 49 58 3 53 2 
160 94 84 3 85 10 
161 63 69 2 69 6 
162 8 7 1 14 0 
163 2 3 1 0 2 
164 93 89 4 92 8 
165 35 25 0 29 1 
166 98 100 3 100 10 
167 26 24 1 22 0 
168 17 18 0 15 3 
169 88 84 3 94 8 
170 57 55 1 48 3 
171 23 16 2 23 0 
172 49 50 3 47 5 
173 24 14 2 19 3 
174 38 43 2 41 5 
175 55 59 3 62 5 
176 17 9 1 27 1 
177 38 36 1 35 3 
178 24 16 0 29 3 
179 52 45 1 48 5 
180 70 68 3 70 5 
181 83 74 4 76 10 
182 15 19 0 5 1 
183 59 65 2 54 4 
184 98 90 4 92 10 
185 98 100 4 100 9 
186 33 24 0 35 3 
187 52 47 1 56 3 
188 50 59 3 47 3 
189 78 73 2 83 7 
190 43 51 1 52 3 
191 47 43 3 51 4 
192 81 72 4 75 10 
193 89 85 4 80 8 
194 14 10 1 16 0 
195 86 94 5 83 8 
196 17 13 1 16 2 
197 76 74 2 72 5 
198 70 65 4 62 8 
199 33 29 0 38 5 
200 5 8 1 4 2 
201 87 93 4 94 6 
202 28 22 0 38 1 
203 24 15 0 23 2 
204 58 61 3 64 3 
205 94 89 4 100 8 
206 72 71 3 82 9 
207 4 4 1 14 2 
208 53 50 3 56 4 
209 22 30 1 13 1 
210 9 13 0 18 1 
211 3 4 0 1 0 
212 75 82 3 69 9 
213 39 33 0 29 3 
214 83 83 5 75 6 
215 7 15 1 16 0 
216 8 5 0 12 2 
217 2 7 0 4 2 
218 51 53 2 44 7 
219 10 20 0 6 0 
220 48 42 3 51 3 
221 86 90 5 89 10 
222 37 37 1 45 3 
223 72 63 2 71 7 
224 69 78 4 74 6 
225 68 72 4 75 7 
226 100 100 4 99 10 
227 95 96 3 100 10 
228 26 22 0 25 0 
229 62 69 3 54 7 
230 1 2 0 11 1 
231 32 39 1 33 5 
232 4 5 0 6 2 
233 22 23 0 26 0 
234 22 26 0 14 4 
235 48 41 1 40 5 
236 65 70 4 58 5 
237 45 36 2 46 5 
238 99 100 5 99 9 
239 43 40 2 38 5 
240 30 37 0 38 2 
241 55 61 1 48 5 
242 53 44 3 56 3 
243 95 100 5 96 10 
244 4 6 1 14 2 
245 49 41 1 45 3 
246 37 45 1 42 1 
247 25 15 2 19 4 
248 78 68 2 83 6 
249 2 4 0 8 2 
250 73 73 2 64 9 
251 28 24 2 33 2 
252 81 72 3 82 10 
253 94 87 4 85 10 
254 17 15 1 23 0 
255 26 21 1 34 3 
256 49 57 2 41 2 
257 89 96 4 85 8 
258 29 32 0 33 1 
259 75 68 4 66 7 
260 32 38 1 22 4 
261 88 79 5 80 9 
262 64 61 3 73 8 
263 26 21 2 25 4 
264 91 86 4 100 7 
265 13 22 1 15 1 
266 35 39 2 38 3 
267 84 77 3 93 8 
268 32 41 0 24 3 
269 32 28 0 30 5 
270 62 66 2 65 8 
271 74 66 4 64 7 
272 54 45 1 54 6 
273 17 22 1 17 2 
274 39 35 2 43 2 
275 42 36 3 52 4 
276 95 100 3 88 7 
277 38 34 1 31 5 
278 35 30 1 27 3 
279 44 42 3 47 2 
280 1 5 1 4 1 
281 78 80 2 73 7 
282 1 6 0 6 1 
283 2 1 1 3 2 
284 44 54 1 46 4 
285 33 29 1 30 4 
286 76 78 3 67 5 
287 18 20 1 18 0 
288 79 86 4 82 7 
289 46 43 3 41 3 
290 68 67 4 58 8 
291 64 58 4 63 5 
292 33 35 2 27 1 
293 21 11 1 13 4 
294 8 9 1 4 1 
295 51 41 3 45 7 
296 29 24 1 21 0 
297 51 48 3 61 4 
298 7 0 1 2 1 
299 32 37 0 30 2 
300 29 20 0 35 3 
301 8 18 0 17 2 
302 77 81 3 67 8 
303 4 9 1 5 2 
304 48 50 1 57 6 
305 55 61 1 52 5 
306 45 48 3 35 3 
307 3 8 1 0 1 
308 27 21 1 20 4 
309 14 5 0 15 2 
310 17 22 1 13 1 
311 31 22 1 39 1 
312 79 87 2 80 5 
313 16 13 1 6 1 
314 26 34 1 33 3 
315 71 64 3 76 8 
316 97 89 3 100 10 
317 17 20 1 13 2 
318 42 47 1 51 2 
319 79 86 3 82 6 
320 87 92 5 86 7 
321 60 68 2 60 7 
322 57 48 1 54 7 
323 12 18 0 17 0 
324 18 21 1 16 0 
325 98 100 4 100 10 
326 79 88 3 72 7 
327 94 97 4 86 10 
328 16 7 0 16 2 
329 52 46 3 55 3 
330 83 84 4 78 7 
331 59 51 3 51 4 
332 28 37 2 23 0 
333 33 31 1 33 2 
334 25 30 1 24 0 
335 92 97 3 88 9 
336 95 98 5 100 10 
337 50 60 3 50 7 
338 12 17 0 17 2 
339 10 13 1 13 1 
340 16 23 1 8 2 
341 68 61 3 76 7 
342 87 90 3 81 10 
343 46 41 2 54 5 
344 14 21 0 7 2 
345 66 69 2 68 4 
346 78 68 2 82 5 
347 69 79 4 78 5 
348 32 31 1 28 1 
349 88 89 4 90 6 
350 48 38 3 53 5 
351 16 12 1 23 1 
352 36 34 0 29 5 
353 76 76 3 86 7 
354 65 68 4 75 8 
355 82 72 3 86 7 
356 27 24 1 30 4 
357 48 55 1 46 2 
358 78 80 4 75 9 
359 6 9 1 15 1 
360 4 3 1 6 2 
361 84 94 4 77 6 
362 15 12 1 8 0 
363 41 33 3 41 4 
364 58 48 1 65 6 
365 79 70 4 73 5 
366 98 98 4 100 10 
367 63 73 3 68 7 
368 47 44 2 49 4 
369 10 6 0 0 0 
370 100 100 5 100 9 
371 47 37 2 42 6 
372 85 77 5 76 10 
373 40 33 2 42 4 
374 46 41 3 49 3 
375 54 55 3 58 6 
376 74 65 2 64 7 
377 95 87 4 98 7 
378 36 34 0 46 3 
379 53 63 2 43 6 
380 30 29 2 28 3 
381 86 90 3 77 9 
382 37 37 1 47 4 
383 85 92 5 89 7 
384 6 0 1 10 1 
385 60 59 2 58 8 
386 100 100 5 100 8 
387 90 87 4 81 10 
388 44 53 1 44 5 
389 85 91 3 92 7 
390 58 57 3 55 6 
391 47 45 1 57 6 
392 42 32 1 51 3 
393 86 88 5 82 7 
394 42 45 3 33 4 
395 8 2 1 5 0 
396 91 100 4 82 8 
397 89 82 4 86 7 
398 8 1 1 10 1 
399 42 44 3 46 5 
400 20 15 0 19 3 
401 12 17 1 8 0 
402 12 3 0 17 2 
403 21 13 1 29 4 
404 65 65 4 58 8 
405 92 99 5 94 7 
406 6 4 1 7 2 
407 10 19 0 13 1 
408 22 13 2 27 3 
409 80 73 4 84 6 
410 50 41 3 47 4 
411 5 5 1 5 2 
412 81 73 5 85 8 
413 48 53 1 53 4 
414 98 100 3 100 10 
415 53 50 3 49 5 
416 51 57 2 49 3 
417 44 53 1 53 4 
418 89 88 3 98 8 
419 95 85 4 85 8 
420 54 61 1 62 6 
421 78 84 4 85 7 
422 46 52 2 50 4 
423 14 20 0 11 1 
424 8 3 1 15 2 
425 10 8 1 18 1 
426 75 83 3 76 8 
427 77 87 4 87 8 
428 3 0 0 3 0 
429 93 88 4 93 9 
430 47 49 1 55 3 
431 15 21 1 20 3 
432 65 63 3 59 4 
433 71 62 4 67 8 
434 41 51 3 34 6 
435 81 91 4 84 8 
436 17 18 1 20 2 
437 6 5 1 13 2 
438 62 57 4 68 6 
439 46 44 1 56 6 
440 65 68 3 58 4 
441 33 40 2 36 1 
442 76 84 4 71 8 
443 46 43 2 56 5 
444 21 31 1 18 1 
445 44 44 1 36 5 
446 49 58 1 57 5 
447 1 0 0 2 1 
448 27 33 1 20 2 
449 29 34 0 22 1 
450 2 0 1 10 2 
451 14 24 1 10 1 
452 95 100 4 95 7 
453 73 80 4 70 5 
454 14 15 1 20 1 
455 91 88 3 95 10 
456 18 8 0 15 3 
457 14 20 1 23 3 
458 10 8 1 6 1 
459 67 58 2 72 7 
460 59 58 2 56 7 
461 95 100 3 97 7 
462 48 47 2 57 3 
463 12 9 1 2 2 
464 15 14 1 9 1 
465 72 62 4 82 7 
466 23 29 2 30 4 
467 83 75 4 77 9 
468 56 60 3 54 7 
469 97 87 5 90 10 
470 68 77 3 65 4 
471 15 14 1 5 2 
472 84 78 4 93 9 
473 29 36 1 31 2 
474 77 70 3 85 5 
475 69 66 2 64 4 
476 3 10 1 10 1 
477 10 1 1 12 1 
478 90 91 4 87 10 
479 55 63 3 63 7 
480 90 80 3 86 10 
481 16 26 1 10 1 
482 4 14 0 8 1 
483 15 21 1 17 0 
484 20 10 0 27 1 
485 53 54 1 54 6 
486 83 90 5 79 10 
487 34 36 0 40 3 
488 61 64 4 68 6 
489 55 65 1 53 4 
490 9 9 0 13 1 
491 69 77 2 64 7 
492 42 50 3 40 4 
493 27 34 0 18 2 
494 92 88 3 93 10 
495 30 20 0 23 1 
496 73 73 3 76 7 
497 21 27 2 31 2 
498 47 48 2 39 5 
499 52 61 2 45 4 
500 76 78 4 77 7 
501 81 78 4 89 7 
502 72 77 4 65 7 
503 63 69 3 69 6 
504 66 58 3 69 4 
505 95 86 4 85 8 
506 66 66 3 69 6 
507 60 66 2 65 7 
508 30 20 0 23 4 
509 31 30 0 33 5 
510 47 56 2 48 3 
511 62 54 4 71 4 
512 93 87 5 84 7 
513 37 46 1 34 4 
514 44 49 3 54 6 
515 69 79 3 72 4 
516 47 56 3 53 5 
517 37 34 0 31 2 
518 26 22 2 28 4 
519 83 78 5 76 8 
520 72 77 3 73 7 
521 13 10 1 4 2 
522 23 17 0 15 4 
523 97 98 5 100 7 
524 67 69 4 69 6 
525 56 58 3 64 3 
526 18 12 1 27 1 
527 71 81 3 66 9 
528 99 94 5 93 8 
529 88 94 4 85 10 
530 19 11 0 16 1 
531 67 71 3 71 7 
532 4 4 1 0 1 
533 97 100 3 93 8 
534 8 18 1 11 2 
535 43 49 1 53 5 
536 98 100 4 100 10 
537 100 100 4 93 9 
538 34 33 1 29 2 
539 24 27 0 30 0 
540 19 17 1 21 3 
541 69 75 4 60 7 
542 53 52 2 46 3 
543 84 80 3 84 10 
544 73 78 3 71 9 
545 59 58 3 49 6 
546 86 88 3 87 10 
547 40 48 3 38 3 
548 24 27 0 26 0 
549 95 96 5 96 10 
550 3 1 1 1 1 
551 56 47 3 62 5 
552 81 81 3 83 10 
553 32 29 1 32 1 
554 64 65 2 74 5 
555 43 35 3 42 4 
556 2 9 1 5 0 
557 23 20 2 17 3 
558 86 93 5 76 9 
559 45 49 2 48 2 
560 20 23 0 23 3 
561 85 81 5 95 10 
562 18 13 1 22 1 
563 90 92 5 86 7 
564 73 70 4 83 8 
565 91 89 3 92 7 
566 91 83 3 97 10 
567 77 69 4 68 7 
568 77 86 2 86 8 
569 65 69 3 59 6 
570 78 88 4 80 9 
571 53 50 3 59 5 
572 38 45 2 40 2 
573 72 74 2 69 8 
574 78 87 3 75 8 
575 97 100 4 100 10 
576 7 8 0 13 0 
577 5 8 1 13 0 
578 9 4 0 16 1 
579 61 71 2 57 5 
580 9 0 1 18 1 
581 78 79 3 71 8 
582 68 70 3 68 4 
583 67 74 4 64 7 
584 92 99 4 97 7 
585 24 14 0 30 3 
586 45 52 1 37 4 
587 44 39 2 50 3 
588 48 41 1 53 2 
589 14 11 0 8 2 
590 87 77 5 82 9 
591 12 5 1 21 1 
592 46 37 3 54 5 
593 93 88 3 85 10 
594 28 23 1 23 2 
595 70 68 4 64 6 
596 35 29 1 26 2 
597 42 41 2 32 2 
598 66 64 2 75 7 
599 80 71 5 73 7 
600 32 38 2 33 3 
601 4 3 1 1 2 
602 51 48 1 42 6 
603 66 58 4 62 4 
604 65 75 2 73 5 
605 53 47 3 45 6 
606 75 66 2 77 9 
607 42 35 3 51 3 
608 4 2 0 2 1 
609 19 23 1 24 0 
610 5 6 1 1 1 
611 11 1 0 11 1 
612 6 13 1 15 0 
613 90 82 5 92 7 
614 14 23 1 20 3 
615 11 5 1 6 0 
616 36 29 2 45 4 
617 60 60 4 67 8 
618 83 75 4 80 6 
619 26 19 1 22 0 
620 30 25 0 25 4 
621 10 13 1 20 2 
622 37 42 1 32 2 
623 51 58 1 43 5 
624 29 24 2 35 4 
625 16 18 1 11 0 
626 38 39 2 43 3 
627 65 60 3 56 7 
628 88 86 3 87 7 
629 97 100 4 89 10 
630 88 79 4 80 9 
631 59 50 1 61 6 
632 47 50 2 52 3 
633 47 48 3 37 3 
634 68 72 4 72 6 
635 80 82 4 74 6 
636 63 60 4 62 7 
637 4 13 1 8 1 
638 39 29 0 39 3 
639 41 49 2 51 2 
640 82 76 5 84 6 
641 100 93 4 90 10 
642 54 56 2 44 7 
643 9 18 1 13 1 
644 88 84 4 88 7 
645 51 46 2 46 5 
646 60 54 3 64 5 
647 30 32 2 23 2 
648 60 69 3 65 5 
649 12 10 0 2 1 
650 73 81 3 73 6 
651 1 5 1 4 1 
652 73 83 4 72 7 
653 6 2 0 12 2 
654 81 76 4 90 6 
655 31 39 0 27 4 
656 21 13 2 31 1 
657 34 28 2 36 2 
658 70 68 3 63 9 
659 24 19 1 15 2 
660 76 68 4 82 6 
661 67 67 3 61 5 
662 99 100 3 89 8 
663 23 15 2 25 2 
664 43 33 2 42 2 
665 11 16 1 9 1 
666 86 95 5 96 10 
667 68 58 3 65 4 
668 89 79 5 82 9 
669 3 8 1 3 2 
670 15 19 1 14 0 
671 64 60 4 60 8 
672 5 3 1 0 0 
673 3 13 1 4 2 
674 91 89 4 83 8 
675 49 52 3 40 5 
676 16 10 1 24 1 
677 42 39 1 40 6 
678 3 0 0 12 2 
679 28 38 0 21 2 
680 71 69 2 81 5 
681 62 53 4 55 8 
682 4 8 0 1 2 
683 57 57 2 59 4 
684 38 42 0 44 3 
685 18 15 1 17 2 
686 66 68 4 69 7 
687 19 12 0 12 2 
688 64 63 2 59 5 
689 37 27 1 35 2 
690 52 58 3 45 7 
691 41 44 3 50 4 
692 17 20 0 26 3 
693 90 81 3 98 10 
694 7 1 1 3 0 
695 29 23 2 20 1 
696 79 73 3 83 9 
697 15 6 1 18 3 
698 40 41 2 48 2 
699 6 0 1 0 1 
700 48 45 3 42 4 
701 85 83 3 90 10 
702 61 65 3 68 6 
703 24 32 0 15 3 
704 79 70 2 84 5 
705 61 51 4 57 8 
706 11 13 0 6 0 
707 33 32 1 23 2 
708 74 64 2 77 9 
709 100 100 5 93 8 
710 96 99 4 99 7 
711 58 62 3 50 4 
712 78 70 2 81 6 
713 51 47 1 58 3 
714 93 96 3 98 8 
715 83 93 4 92 9 
716 74 72 2 79 9 
717 9 5 1 9 0 
718 3 9 1 1 1 
719 55 59 1 45 7 
720 72 62 4 75 5 
721 45 35 2 39 3 
722 51 60 3 48 6 
723 90 84 5 86 9 
724 86 82 3 77 9 
725 54 62 3 59 4 
726 45 38 3 46 6 
727 26 32 2 32 2 
728 9 1 1 1 1 
729 46 42 1 45 6 
730 4 6 1 13 2 
731 83 81 3 89 10 
732 100 92 5 100 8 
733 84 88 5 82 9 
734 2 11 0 7 0 
735 87 91 5 86 10 
736 85 86 4 82 6 
737 23 19 2 13 1 
738 20 17 1 24 4 
739 5 9 0 1 0 
740 46 43 1 53 2 
741 60 59 4 68 4 
742 73 75 2 70 9 
743 32 28 0 22 2 
744 90 91 5 88 10 
745 3 11 1 2 0 
746 5 1 1 12 1 
747 50 53 1 43 7 
748 2 4 1 10 2 
749 1 5 0 2 1 
750 63 54 2 70 5 
751 30 40 0 34 4 
752 53 58 1 51 5 
753 14 19 1 13 3 
754 8 12 1 16 0 
755 27 31 0 36 3 
756 14 13 1 14 0 
757 51 50 1 45 5 
758 11 14 0 6 2 
759 79 72 2 86 5 
760 7 4 1 13 1 
761 45 42 3 42 3 
762 83 73 3 88 6 
763 72 64 3 67 6 
764 22 15 0 13 2 
765 25 20 0 27 4 
766 55 62 3 51 7 
767 63 63 3 70 6 
768 21 29 0 26 0 
769 12 17 1 18 3 
770 70 76 4 75 9 
771 22 18 2 12 0 
772 23 33 1 27 3 
773 88 83 5 87 9 
774 19 20 0 10 3 
775 43 48 3 34 6 
776 68 64 3 70 8 
777 22 24 1 20 0 
778 84 75 5 91 6 
779 17 16 0 8 1 
780 8 6 1 10 1 
781 99 100 3 100 7 
782 19 19 1 12 2 
783 13 6 0 4 1 
784 96 96 4 100 9 
785 73 71 4 76 9 
786 82 86 4 74 9 
787 84 82 3 92 8 
788 47 44 3 37 2 
789 72 77 4 70 7 
790 47 40 3 54 3 
791 30 31 1 30 3 
792 14 17 0 15 1 
793 77 71 3 86 6 
794 83 84 4 75 7 
795 1 4 0 2 2 
796 40 36 2 42 6 
797 70 77 3 75 7 
798 1 8 1 5 2 
799 27 35 2 24 0 
800 89 86 4 89 10 
801 28 32 0 28 1 
802 15 23 1 7 0 
803 97 87 5 100 9 
804 17 14 1 7 2 
805 3 4 1 1 1 
806 22 26 0 29 1 
807 25 35 1 23 3 
808 62 71 3 72 5 
809 75 75 3 80 5 
810 99 100 3 100 7 
811 60 55 4 62 6 
812 61 66 4 61 6 
813 25 16 2 26 2 
814 82 75 4 76 8 
815 69 60 3 72 7 
816 9 1 1 2 0 
817 32 23 0 31 3 
818 98 100 4 100 7 
819 65 59 2 57 6 
820 38 43 0 29 4 
821 88 88 4 94 10 
822 80 86 5 73 7 
823 75 72 3 68 9 
824 78 80 2 75 5 
825 83 80 5 79 6 
826 38 36 0 31 3 
827 78 86 4 71 6 
828 47 41 3 52 6 
829 23 30 1 18 1 
830 6 0 0 4 2 
831 20 25 2 23 2 
832 89 80 5 86 10 
833 38 32 2 39 2 
834 1 6 0 5 2 
835 43 36 3 44 4 
836 38 36 1 39 2 
837 94 91 3 100 10 
838 76 83 2 67 9 
839 25 29 0 29 0 
840 24 27 2 17 4 
841 82 83 5 74 8 
842 39 45 2 43 1 
843 22 28 2 32 4 
844 15 21 1 20 1 
845 53 45 1 53 4 
846 4 12 1 12 1 
847 95 93 4 100 10 
848 58 66 3 63 7 
849 47 54 3 41 3 
850 23 19 0 22 4 
851 31 39 1 25 1 
852 39 38 0 49 4 
853 87 79 4 77 7 
854 20 19 2 17 0 
855 61 62 2 70 8 
856 38 31 0 45 2 
857 10 17 1 4 1 
858 79 72 3 79 9 
859 8 15 0 13 1 
860 100 100 4 99 8 
861 90 92 5 90 7 
862 82 84 4 85 7 
863 73 68 3 80 8 
864 64 63 3 66 8 
865 29 30 2 30 0 
866 47 39 3 47 6 
867 57 64 1 50 4 
868 14 5 1 7 1 
869 55 57 2 53 7 
870 1 6 1 7 0 
871 21 11 0 16 4 
872 61 56 2 60 8 
873 17 14 1 15 3 
874 92 96 5 94 10 
875 30 22 1 25 4 
876 16 21 1 13 2 
877 75 85 2 67 8 
878 60 59 2 64 6 
879 33 34 1 28 1 
880 18 24 0 17 1 
881 46 46 3 47 2 
882 92 84 5 92 10 
883 61 57 2 58 6 
884 91 100 5 85 8 
885 99 100 5 91 10 
886 26 31 0 16 1 
887 22 32 0 17 0 
888 16 19 0 19 1 
889 17 10 1 7 0 
890 60 59 2 67 8 
891 21 12 1 27 3 
892 62 72 4 71 7 
893 23 13 2 22 0 
894 56 46 3 65 5 
895 94 89 4 99 9 
896 71 74 2 70 8 
897 22 28 1 12 1 
898 34 34 1 34 1 
899 88 96 5 92 6 
900 9 17 1 5 2 
901 21 18 2 31 2 
902 49 52 1 46 3 
903 23 15 2 14 4 
904 72 63 2 78 8 
905 3 6 1 1 2 
906 3 3 0 3 0 
907 21 24 1 17 0 
908 72 82 2 62 8 
909 73 75 3 82 6 
910 62 66 2 62 8 
911 48 55 1 39 3 
912 91 90 4 91 10 
913 29 26 1 20 4 
914 82 87 4 76 8 
915 81 81 5 81 10 
916 62 53 2 60 8 
917 44 42 3 47 3 
918 38 34 0 45 4 
919 31 36 2 34 1 
920 71 63 2 79 6 
921 9 11 1 11 0 
922 26 32 0 25 1 
923 28 23 0 34 1 
924 93 85 5 95 9 
925 42 40 2 52 2 
926 6 4 0 4 1 
927 1 7 0 6 0 
928 21 22 1 26 3 
929 13 12 0 23 1 
930 91 83 3 96 9 
931 64 68 4 68 4 
932 41 42 3 45 5 
933 91 95 4 100 10 
934 88 94 3 84 8 
935 19 26 1 9 2 
936 47 41 2 53 2 
937 13 5 1 13 3 
938 16 12 0 24 1 
939 44 54 2 51 2 
940 76 75 4 75 8 
941 36 26 1 36 2 
942 90 84 4 80 8 
943 83 86 5 87 6 
944 99 89 4 89 9 
945 15 12 1 6 0 
946 23 26 0 26 4 
947 64 68 2 59 8 
948 80 70 4 70 10 
949 61 51 4 71 7 
950 16 20 0 16 3 
951 87 83 3 96 8 
952 91 88 3 99 7 
953 88 87 5 91 10 
954 6 0 1 8 0 
955 61 67 3 66 5 
956 3 2 1 5 0 
957 76 81 4 69 8 
958 96 90 5 98 8 
959 52 59 2 48 5 
960 27 33 0 34 4 
961 38 36 0 33 3 
962 36 30 2 45 4 
963 74 77 3 81 6 
964 1 7 1 7 2 
965 4 12 1 7 1 
966 11 14 1 16 3 
967 7 4 1 17 1 
968 22 27 1 19 4 
969 17 9 1 17 1 
970 87 96 5 81 8 
971 91 99 5 87 8 
972 84 94 4 83 10 
973 54 52 2 48 4 
974 38 44 2 47 2 
975 40 50 2 43 2 
976 54 58 1 54 5 
977 49 55 2 54 4 
978 75 70 2 78 7 
979 72 68 2 72 8 
980 3 9 1 2 2 
981 50 51 1 53 6 
982 84 83 5 89 8 
983 78 71 3 86 5 
984 28 26 1 23 4 
985 33 37 1 42 3 
986 12 13 1 6 3 
987 35 25 0 36 1 
988 26 20 0 16 3 
989 33 23 1 37 5 
990 37 33 1 45 5 
991 54 55 3 53 6 
992 91 100 4 98 7 
993 81 82 5 74 6 
994 66 76 2 76 5 
995 12 12 0 8 1 
996 46 49 3 49 5 
997 31 33 0 38 4 
998 59 65 3 66 4 
999 5 5 1 8 0 
1000 25 21 1 19 1 
1001 42 36 2 33 6 
1002 71 76 4 61 8 
1003 77 68 4 81 8 
1004 44 53 2 52 6 
1005 66 56 4 64 8 
1006 77 73 2 77 5 
1007 60 69 4 65 7 
1008 69 61 4 70 4 
1009 63 65 3 58 8 
1010 89 85 4 96 8 
1011 28 38 2 29 4 
1012 38 36 2 38 2 
1013 53 54 2 46 4 
1014 27 30 2 37 3 
1015 72 72 4 72 6 
1016 13 15 1 18 1 
1017 47 40 2 54 5 
1018 62 68 4 63 7 
1019 56 47 2 61 4 
1020 78 73 4 78 9 
1021 31 34 1 32 1 
1022 97 96 4 96 9 
1023 41 51 1 50 2 
1024 44 40 3 38 3 
1025 29 22 1 23 2 
1026 20 21 0 13 0 
1027 12 2 0 11 3 
1028 72 73 2 78 6 
1029 43 44 1 46 2 
1030 13 20 0 21 1 
1031 33 32 2 34 1 
1032 88 80 4 87 9 
1033 35 41 0 40 5 
1034 65 60 3 64 7 
1035 53 58 1 56 4 
1036 33 42 2 38 2 
1037 32 35 1 28 2 
1038 33 36 1 34 4 
1039 60 67 3 58 7 
1040 52 42 2 52 5 
1041 63 60 4 67 4 
1042 82 86 3 86 8 
1043 18 11 0 21 0 
1044 48 52 1 50 4 
1045 31 40 1 23 4 
1046 54 58 2 55 4 
1047 2 9 0 7 0 
1048 50 40 1 53 5 
1049 2 8 1 10 1 
1050 66 68 3 70 4 
1051 39 37 0 43 1 
1052 20 10 0 22 2 
1053 54 60 1 46 3 
1054 15 17 0 14 1 
1055 35 40 1 32 3 
1056 33 42 0 43 4 
1057 94 98 3 98 9 
1058 91 93 4 84 8 
1059 76 86 4 66 7 
1060 78 75 2 72 5 
1061 71 64 4 80 5 
1062 18 11 0 18 0 
1063 17 17 0 13 1 
1064 35 42 2 42 1 
1065 12 6 0 5 1 
1066 26 35 1 30 2 
1067 18 9 1 12 3 
1068 90 96 3 89 10 
1069 78 70 2 82 9 
1070 20 22 1 29 2 
1071 64 74 4 68 8 
1072 22 18 2 23 3 
1073 25 21 2 34 4 
1074 72 81 2 65 6 
1075 72 62 3 66 9 
1076 41 40 1 44 2 
1077 73 82 4 69 8 
1078 16 26 0 19 3 
1079 68 65 3 60 7 
1080 39 30 2 41 5 
1081 75 77 2 83 8 
1082 73 63 4 82 9 
1083 29 20 1 19 1 
1084 90 88 3 92 7 
1085 18 16 0 22 3 
1086 68 63 2 75 7 
1087 22 32 0 26 3 
1088 88 97 5 79 10 
1089 83 85 3 76 10 
1090 22 22 1 18 1 
1091 49 46 1 50 2 
1092 97 96 3 87 7 
1093 41 43 3 42 4 
1094 46 52 3 40 3 
1095 51 60 2 45 4 
1096 45 40 2 53 3 
1097 88 80 4 87 8 
1098 54 48 2 55 4 
1099 6 4 1 7 0 
1100 76 69 2 67 6 
1101 90 88 5 95 8 
1102 91 99 5 100 9 
1103 40 48 3 30 6 
1104 73 79 2 77 8 
1105 99 100 3 100 7 
1106 100 100 5 100 10 
1107 2 1 1 5 1 
1108 31 41 2 31 5 
1109 43 41 1 46 6 
1110 39 31 2 48 2 
1111 58 58 3 56 6 
1112 46 53 1 53 6 
1113 87 89 4 77 6 
1114 11 12 1 4 1 
1115 86 77 4 80 8 
1116 68 75 3 65 6 
1117 8 15 1 7 2 
1118 8 14 1 0 0 
1119 20 18 0 23 2 
1120 47 57 2 42 4 
1121 31 21 1 28 2 
1122 3 4 1 3 2 
1123 34 28 0 41 3 
1124 73 64 4 76 5 
1125 61 60 2 68 5 
1126 31 35 2 33 2 
1127 82 80 5 89 9 
1128 22 16 2 22 3 
1129 31 39 1 23 4 
1130 22 30 2 16 3 
1131 34 31 0 29 5 
1132 13 5 1 5 1 
1133 74 74 2 73 5 
1134 69 69 3 60 8 
1135 79 77 4 84 7 
1136 89 87 5 98 6 
1137 22 14 1 25 4 
1138 48 44 3 40 6 
1139 42 36 1 48 5 
1140 27 23 0 23 3 
1141 100 96 5 97 10 
1142 10 2 1 13 1 
1143 33 24 1 34 2 
1144 18 18 1 10 1 
1145 84 83 3 78 10 
1146 98 100 3 93 7 
1147 11 19 1 9 2 
1148 43 49 3 48 2 
1149 48 41 3 43 6 
1150 71 78 4 72 9 
1151 20 23 0 25 2 
1152 77 78 4 80 5 
1153 38 42 1 44 1 
1154 23 15 0 22 0 
1155 1 9 1 2 2 
1156 76 66 3 69 6 
1157 94 100 4 88 8 
1158 25 31 1 18 3 
1159 5 15 0 5 1 
1160 64 66 3 70 8 
1161 64 68 4 54 4 
1162 30 22 2 37 5 
1163 8 18 0 0 0 
1164 64 56 3 57 5 
1165 55 46 1 54 7 
1166 46 41 3 50 3 
1167 68 76 2 71 4 
1168 42 40 1 42 2 
1169 50 56 1 51 4 
1170 64 64 2 72 5 
1171 71 76 3 71 5 
1172 14 20 1 24 2 
1173 24 23 1 26 1 
1174 64 67 4 56 8 
1175 69 67 3 63 5 
1176 8 16 1 8 2 
1177 62 54 3 57 7 
1178 51 56 3 42 5 
1179 38 41 1 36 5 
1180 82 88 4 85 6 
1181 11 21 1 20 2 
1182 92 98 4 85 10 
1183 8 13 1 6 1 
1184 63 64 2 55 5 
1185 29 39 2 34 2 
1186 29 22 0 39 2 
1187 4 0 1 5 2 
1188 46 46 2 46 2 
1189 64 65 4 58 5 
1190 62 71 3 70 7 
1191 46 50 1 42 2 
1192 44 35 3 35 5 
1193 6 14 1 12 1 
1194 72 65 4 73 8 
1195 7 15 0 15 2 
1196 57 54 2 57 3 
1197 34 39 0 40 4 
1198 85 84 5 75 10 
1199 74 71 4 67 9 
1200 53 51 2 58 4 
1201 4 8 1 7 0 
1202 8 1 1 12 2 
1203 81 89 4 78 10 
1204 35 41 2 26 1 
1205 60 64 4 60 8 
1206 89 96 4 94 10 
1207 43 35 3 40 4 
1208 33 42 0 37 5 
1209 67 66 3 74 8 
1210 90 84 5 89 10 
1211 46 56 1 46 4 
1212 10 19 1 3 0 
1213 47 44 2 50 4 
1214 7 8 1 10 0 
1215 45 45 1 40 4 
1216 50 49 2 51 4 
1217 53 60 3 62 7 
1218 9 15 0 13 1 
1219 83 91 5 82 9 
1220 64 59 4 56 7 
1221 43 47 1 46 2 
1222 84 90 3 75 6 
1223 80 89 3 70 10 
1224 15 22 1 20 0 
1225 37 45 1 45 2 
1226 24 28 1 26 4 
1227 37 31 0 41 5 
1228 66 63 4 65 7 
1229 78 68 3 72 9 
1230 19 14 1 18 2 
1231 92 100 5 99 7 
1232 23 20 2 25 3 
1233 6 11 1 5 1 
1234 62 71 4 70 8 
1235 74 72 2 82 8 
1236 24 29 2 18 3 
1237 59 59 2 60 4 
1238 16 10 1 19 3 
1239 87 92 5 80 8 
1240 41 48 3 41 3 
1241 6 5 0 4 1 
1242 27 33 0 22 2 
1243 14 12 0 9 3 
1244 55 59 3 53 4 
1245 45 47 1 45 2 
1246 32 25 2 40 4 
1247 87 94 4 88 10 
1248 92 98 3 82 10 
1249 55 46 3 59 7 
1250 55 54 3 53 5 
1251 12 6 0 5 0 
1252 15 16 1 6 1 
1253 96 97 3 91 8 
1254 32 29 1 23 5 
1255 73 76 2 68 7 
1256 53 61 3 56 6 
1257 79 78 3 74 8 
1258 42 32 2 36 4 
1259 56 52 1 60 4 
1260 46 47 2 46 4 
1261 2 4 1 9 1 
1262 69 75 4 67 4 
1263 39 38 2 47 4 
1264 13 3 0 17 1 
1265 59 62 3 68 7 
1266 64 64 2 72 4 
1267 58 63 1 59 6 
1268 86 83 5 94 7 
1269 12 21 1 4 0 
1270 50 45 2 50 5 
1271 33 24 0 31 5 
1272 40 32 2 33 4 
1273 87 90 3 92 8 
1274 29 36 0 37 1 
1275 37 44 2 45 5 
1276 6 15 1 15 1 
1277 90 80 5 88 7 
1278 2 3 0 8 0 
1279 71 62 3 71 5 
1280 66 57 3 58 7 
1281 57 52 2 67 5 
1282 97 99 4 88 10 
1283 76 72 4 86 7 
1284 31 40 1 23 3 
1285 87 94 5 94 7 
1286 29 38 2 28 0 
1287 28 37 0 28 2 
1288 78 75 4 82 8 
1289 25 29 0 17 1 
1290 63 73 3 61 8 
1291 80 83 3 74 6 
1292 95 92 4 87 7 
1293 92 90 5 95 10 
1294 3 1 1 5 1 
1295 96 88 3 94 7 
1296 87 79 5 84 9 
1297 1 0 0 4 2 
1298 99 97 5 91 9 
1299 90 89 3 94 8 
1300 4 12 0 3 1 
